1 0.46248512201766545 0.35103333088500205 -0.49587409773779106 -0.6457491708959574 -0.32484543323516846 0.048389267176389694 -0.027386443689465523 19 1000.jpg

2 0.750158097847118 0.4586431121963067 0.24115199405398705 0.41079805212910336 0.8352755904197693 -0.38063085079193115 -0.05332355946302414 19 1568.jpg

3 0.383876094385958 0.4671403879804427 -0.6242561328045013 -0.4946951412056044 -0.4290611445903778 0.13759776949882507 0.11199792474508286 19 1074.jpg

4 0.712452018715347 0.6829996488720081 0.12185899625559665 0.10523300670758386 0.870846688747406 -0.4319188594818115 0.18186989426612854 19 1461.jpg

5 0.6572980142371689 0.7435695960448903 -0.08107939836507623 -0.09213960862881147 0.721671462059021 -0.21594667434692383 0.2054140716791153 19 1415.jpg

6 0.860971981788767 0.3360369352277581 -0.1693059723532097 -0.3422600071042378 0.1960698366165161 -0.11649249494075775 -0.23645257949829102 19 1255.jpg

7 0.8098929119968856 0.5117155566560785 -0.16648595773006541 -0.23345896010234454 0.3444001078605652 -0.16420289874076843 -0.08367759734392166 19 1319.jpg

8 0.5736808734814621 0.49915232076021 0.43837287331889996 0.47913092158550435 0.8244231939315796 -0.031676940619945526 0.0887375921010971 19 1670.jpg

9 0.6330550148926207 0.4459590347310959 -0.3853939969567444 -0.5018300056500387 -0.1651710867881775 0.16895917057991028 -0.03174645081162453 19 1185.jpg

10 0.44897801497508166 0.25262401390564027 0.4428839874430102 0.7337939924350824 0.0562732107937336 0.02602658048272133 -0.09763039648532867 19 1759.jpg

11 0.5499579954221889 0.4012129706651601 0.4565800016911885 0.572808045942896 0.4562591016292572 -0.033498186618089676 0.014231093227863312 19 1712.jpg

12 0.001766989311049177 0.0036862543919849305 -0.6575536269805946 -0.7533966531130846 -0.7176955938339233 0.2749278247356415 0.5275722146034241 19 458.jpg

13 0.05146232740783904 -0.00444635884856149 0.3741971598235426 0.9259094687553168 -0.5032046437263489 0.13251574337482452 -0.21902640163898468 19 663.jpg

14 0.23467993761690503 0.16807483864608994 -0.5438708212403767 -0.7879598373632596 -0.26598742604255676 -0.0974247083067894 -0.020475726574659348 19 872.jpg

15 0.31538099426360544 0.15325601264671382 0.43820798008404077 0.8276600686487148 -0.03803882375359535 0.232146218419075 -0.14937803149223328 19 1796.jpg

16 0.4162011531164784 0.19804419792323447 -0.3939791410811374 -0.7951952792908327 -0.560290515422821 0.08368056267499924 -0.18328863382339478 19 932.jpg

17 0.049668725127080295 0.040589652014070485 -0.6062052013386142 -0.7927173214731952 -0.7102361917495728 0.22660963237285614 0.2882419228553772 19 495.jpg

18 0.48139600316854514 0.5280568941711017 -0.5322359277014527 -0.4540250234463892 -0.46022844314575195 0.17985881865024567 0.10925919562578201 19 1118.jpg

